II. Index 91 Names

A· Auerroea 197, 161. Ε,

· 8111191111 curia aaa.
Abraham 195. Avinonlea ω11111161,198.115, 8479111 36, 166.
Adam 41, 136. 141, 156, 113. 8111111337.
Alexander 11117111 316. 8111911111 19111. 173,179, 189. Ephesi 194.
Alexander 9191 193. 89111111 194.
8116191111 4, 8, 13, 33, 58, 99, Β. 8111 317.

199,191,131,141,141, 151, 151, 8111 145.

154,163, 171, 119,119, 116, 81611911161.

144,145,146,175,188,191, 8111111114 Francia 178.

195, 311, 311. 81911111, vide 191111111. Francie 111111. 319.

8111111 173, 198. 1311111337.
819111 198, 194, 178, 181, 315, 8111111 61, 63. G·

3¹⁸2 3²⁰· 3²²· Benedictus 9191 197. 011111 31.
ΑΜΙῙΜΙΜΜΜ. 1841318321· 8111191111 1, 4, 15, 39, 33, 34, 011111111111111.197.
Audit· 1181111 9⁰· . 38, 41, 47, 49,196,197,198, Germania 31.

8191111 315, 349. 111, 117, 115,197,115,116,139, 0111 85. 198.
819111616111 315. 179, 183, 184, 188, 391. eilbertus 8911111111399.
8111111111 5, 139, 131,193. 8111611611 138. 011111111191.
Andelariatna 19, 61, 187, 113, 8111111611 S. 3, 39, 46. 0111111 11191199.

176, 179, 186, 199, 311, 319, 8111111166. 01111191.

311, 319, 339, 334. 89116111 196. 011991111 1, 6, 1ο, 16, 93, 114,
811616119911149. 891111111115, 119, 135. 199,115, 116, 185, 313, 311.
81111911111 199, 141, 161, 165, 8911111111199. 011491111111. 141, 178.

169, 173, 194. 0111111611 185.

8111198. α H
Armaelranua 11, 99, 191, 119, ·

111, 191. 0111111111111 provincia 184. · Hebraica lingua 90.
Auguadnua 3, 5. 6, 7, 17, 18, 0171141. 1111616111199. ·

13,14, 33, 49, 41, 46, 59, 56, 0111111111 (1116119611 61 Η1111183,139.

57, 61, 71, 73, 88, 89, 91, 98, 1119611) 197, 141, 113,178. Heliseus 85, 198.

99, 115, 116, 117, 119, 111, 111, 01191911911196, 98. ilenricua 011114, 116, 196.

115, 117, 118,119,131,133,136, Clemena'v. 111, 113. “ 11111οηί1111, 11611119171111.

137, 138, 141, 143. 144, 149, 091111113637. Η111111131,115,116,117.

159, 154, 156,157,138,159,169, Honorius papa 178.

163, 171, 171, 173, 174, 175, 177, D 11199 618. Victore 3.

187, 199, 193, 111, 113, 119, ’ Η1111911. 13.

111, 114, 115, 116, 117, 131, 811119111119,151,187,319.

3491 151.161,165.171,177, Daniel 197. · I‘t J·

179, 189, 181, 181, 185, 186, 8116111173. 1119611175,195,319.331.

188189, 191, 191, 195, 197, Demetrius 8911. 194. 1119611 61 11111 319.

395, 396, 397, 399, 319, 314, 1111118911. 194. 11111 39.

331, 335, 336, 338, 341. 89116111 9, 61, 174, 181181. 1111111111.

8.

 

